0.114165
0.207951
0.237683
0.22394
0.197042
0.192615
0.183095
0.182841
0.180466
0.181745
0.178834
0.177242
0.179569
0.180595
0.184389
0.185291
0.183657
0.181021
0.174565
0.171967
0.172864
0.169296
0.166007
0.162162
0.162928
0.164028
0.166635
0.167363
0.16721
0.168664
0.170413
0.170781
0.169073
0.169745
0.171396
0.170305
0.172088
0.172676
0.174423
0.17402
0.174878
0.175602
0.176104
0.176499
0.177606
0.17835
0.178149
0.176951
0.1754
0.175941
0.177203
0.177172
0.178103
0.176858
0.176122
0.175599
0.174603
0.174944
0.174902
0.174615
0.17359
0.173436
0.175031
0.176249
0.176684
0.176879
0.177868
0.177818
0.178132
0.176611
0.175459
0.17426
0.174146
0.174942
0.175206
0.175904
0.175464
0.175726
0.176263
0.17578
0.175818
0.1756
0.175126
0.174733
0.17435
0.173873
0.174345
0.17373
0.173127
0.172897
0.172615
0.173339
0.173721
0.1736
0.173365
0.172853
0.173518
0.17397
0.173892
