0.364326
0.41315
0.441255
0.446115
0.425941
0.419172
0.417094
0.415042
0.413793
0.413649
0.408658
0.406866
0.407094
0.409041
0.41023
0.412216
0.410506
0.406898
0.40369
0.401961
0.400987
0.397632
0.398615
0.394167
0.394341
0.396223
0.397235
0.39793
0.399277
0.401369
0.401301
0.400957
0.39918
0.40023
0.402746
0.402767
0.403185
0.404692
0.405853
0.407321
0.408949
0.409443
0.410609
0.4116
0.41275
0.414525
0.414921
0.415061
0.414275
0.413699
0.414398
0.415055
0.415161
0.414139
0.413826
0.413921
0.413901
0.415283
0.415853
0.416291
0.416852
0.41705
0.417818
0.418581
0.419043
0.419729
0.420736
0.420945
0.420887
0.420312
0.419888
0.418471
0.418123
0.418555
0.418884
0.419562
0.419975
0.420351
0.420787
0.420781
0.420932
0.421494
0.421402
0.421319
0.421692
0.422491
0.42319
0.42329
0.422748
0.423399
0.423569
0.423778
0.423952
0.423833
0.424133
0.424523
0.424934
0.42496
0.425006
