0.155882
0.148968
0.179513
0.183066
0.186626
0.185185
0.183362
0.180136
0.168679
0.163488
0.165886
0.167592
0.165028
0.162321
0.165383
0.166603
0.170099
0.176008
0.177291
0.179804
0.17922
0.178898
0.177263
0.177912
0.178325
0.178683
0.179318
0.179146
0.178616
0.178088
0.178855
0.179195
0.179087
0.179446
0.18026
0.181473
0.180999
0.179628
0.178635
0.177631
0.178743
0.178945
0.178152
0.176717
0.175518
0.17486
0.174897
0.174907
0.175536
0.175008
0.174411
0.17388
0.174598
0.175376
0.174813
0.174861
0.175861
0.175174
0.175037
0.174478
0.173777
0.172741
0.172585
0.172967
0.174049
0.174121
0.175023
0.175403
0.175856
0.176132
0.176897
0.176723
0.17619
0.176468
0.176665
0.176691
0.176843
0.176809
0.176613
0.176747
0.176128
0.176429
0.176205
0.176278
0.176471
0.17589
0.176244
0.176372
0.176535
