0.271967
0.504158
0.556962
0.593621
0.600983
0.607167
0.601747
0.604449
0.603005
0.601025
0.597692
0.595475
0.592694
0.590696
0.589614
0.589218
0.587999
0.586051
0.584529
0.581969
0.580785
0.577522
0.573838
0.571489
0.570425
0.568081
0.565474
0.564408
0.562511
0.559596
0.559374
0.558176
0.55783
0.557085
0.5563
0.557437
0.556312
0.554785
0.553161
0.550818
0.550415
0.550074
0.548896
0.548551
0.547096
0.546851
0.545243
0.545081
0.545582
0.543922
0.542703
0.541024
0.540698
0.540386
0.540128
0.539442
0.53884
0.538384
0.537398
0.536752
0.537144
0.536722
0.535992
0.535279
0.534822
0.534559
0.534056
0.533764
0.533848
0.534029
0.533389
0.533729
0.53362
0.533795
0.533585
0.533445
0.532628
0.532053
0.531328
0.531112
0.530619
0.529816
0.528734
0.528678
0.528381
0.527804
0.527516
0.52702
0.52654
0.526484
0.525646
0.525356
0.525025
0.524756
0.524534
0.524733
0.524566
0.524295
0.52397
