0.0498084
0.314066
0.358048
0.384241
0.396249
0.413355
0.390182
0.382979
0.384415
0.383984
0.382326
0.379227
0.378666
0.379551
0.377833
0.37831
0.377772
0.374984
0.378172
0.37721
0.376373
0.372898
0.369902
0.368571
0.367848
0.365001
0.362966
0.362231
0.359747
0.356938
0.354386
0.353073
0.350895
0.349989
0.34781
0.345483
0.344798
0.343892
0.342143
0.339295
0.33794
0.336157
0.333395
0.332525
0.329671
0.328887
0.327781
0.326689
0.326846
0.325043
0.323889
0.322035
0.321515
0.321053
0.319697
0.318569
0.317569
0.316652
0.314917
0.313961
0.313713
0.312533
0.312048
0.312237
0.312225
0.31198
0.31082
0.309356
0.308721
0.308686
0.308488
0.308267
0.30802
0.3081
0.308249
0.307797
0.307414
0.306785
0.306111
0.305976
0.305323
0.304109
0.303667
0.303883
0.303587
0.303247
0.303076
0.302881
0.301903
0.301882
0.301592
0.301838
0.300666
0.300449
0.300142
0.299985
0.299814
0.299534
0.298638
