0.285714
0.262712
0.256015
0.260709
0.255066
0.254212
0.257789
0.258281
0.259887
0.260216
0.256326
0.251256
0.247339
0.24698
0.246138
0.246756
0.243463
0.242541
0.240811
0.241757
0.239692
0.239548
0.240671
0.241035
0.240616
0.241013
0.240976
0.240338
0.239063
0.238676
0.239318
0.238645
0.237485
0.236042
0.234274
0.233481
0.233293
0.232977
0.232078
0.231472
0.229863
0.229824
0.23092
0.231244
0.230852
0.230769
0.230408
0.23013
0.229341
0.229157
0.229848
0.229979
0.230243
0.229991
0.230352
0.230442
0.230134
0.230145
0.229958
0.230243
0.230351
0.230047
0.229526
0.22871
0.227818
0.228191
0.227778
0.22783
0.227612
0.227767
0.227695
0.227343
0.227269
0.227471
0.227108
0.22687
0.226867
0.226769
0.226324
0.226648
0.226825
0.227328
0.227089
0.227044
0.227541
0.228093
0.228184
0.227974
0.227915
