0.045977
0.279383
0.346008
0.366245
0.382962
0.392182
0.395231
0.400587
0.396787
0.398633
0.395003
0.397607
0.395543
0.393648
0.390639
0.387887
0.388926
0.386565
0.38544
0.380745
0.378752
0.379013
0.378017
0.376093
0.374031
0.372126
0.365638
0.363214
0.360007
0.357867
0.356357
0.352674
0.350428
0.348096
0.346925
0.345051
0.342266
0.340311
0.339783
0.339361
0.337682
0.336663
0.335749
0.334101
0.33169
0.329353
0.325214
0.322994
0.321073
0.319055
0.317852
0.317765
0.316647
0.315668
0.313952
0.314188
0.313122
0.312744
0.311119
0.309996
0.307078
0.30586
0.305906
0.305324
0.304897
0.303539
0.302506
0.301891
0.299311
0.296915
0.295883
0.295637
0.294641
0.295063
0.2946
0.294051
0.293562
0.293809
0.293218
0.29253
0.292101
0.292394
0.292086
0.291953
0.291499
0.290638
0.290506
0.289114
0.288753
0.288439
0.288576
0.287833
0.287776
0.287212
0.285503
0.28447
0.283892
0.283963
0.282449
