0.274059
0.514553
0.566104
0.595679
0.599345
0.603754
0.607278
0.610586
0.60733
0.607377
0.602692
0.601991
0.600376
0.598126
0.596507
0.596193
0.594928
0.592681
0.590118
0.586245
0.583948
0.581471
0.578953
0.576632
0.5747
0.573398
0.570434
0.569479
0.567347
0.566121
0.565806
0.563618
0.562806
0.561777
0.560643
0.560927
0.559282
0.558464
0.556822
0.5556
0.554956
0.553681
0.553375
0.552815
0.551881
0.550409
0.548327
0.548619
0.547763
0.546228
0.544322
0.54362
0.542518
0.541818
0.541233
0.540332
0.540008
0.539486
0.538389
0.538286
0.537648
0.538528
0.53826
0.536988
0.536248
0.535368
0.534643
0.534178
0.533072
0.532699
0.531561
0.53204
0.531719
0.531958
0.53162
0.530758
0.530008
0.529866
0.529564
0.529512
0.528827
0.528566
0.528391
0.528475
0.528046
0.527804
0.527745
0.526696
0.526316
0.525691
0.525018
0.52433
0.523764
0.523173
0.522421
0.521656
0.521223
0.521307
0.52072
