0.268908
0.265537
0.26564
0.26514
0.266985
0.263627
0.272727
0.272051
0.274177
0.270132
0.264576
0.258291
0.256594
0.255608
0.252758
0.252022
0.244523
0.243212
0.241286
0.243405
0.243116
0.242408
0.242881
0.242409
0.240857
0.24055
0.240196
0.240124
0.239373
0.240476
0.241353
0.240522
0.240574
0.239929
0.238651
0.236906
0.235653
0.235513
0.234553
0.232906
0.232219
0.232555
0.232884
0.232616
0.232529
0.232214
0.23163
0.231829
0.231006
0.230909
0.230144
0.230385
0.230072
0.229823
0.229804
0.228611
0.227963
0.228063
0.226272
0.224655
0.223574
0.223481
0.223407
0.222923
0.223092
0.223403
0.223191
0.223934
0.224774
0.22411
0.224301
0.224792
0.225039
0.225353
0.225299
0.225203
0.225104
0.225143
0.225369
0.225327
0.224961
0.224599
0.224319
0.224163
0.222953
0.222113
0.221546
0.221413
0.220751
