0.320565
0.480533
0.511394
0.521892
0.511722
0.512889
0.50996
0.512226
0.514827
0.512934
0.511278
0.510081
0.509346
0.5087
0.510562
0.508629
0.507424
0.506065
0.503926
0.504018
0.501788
0.503011
0.500914
0.500208
0.499098
0.498204
0.497885
0.497129
0.497304
0.495321
0.493455
0.491883
0.492086
0.491413
0.491071
0.490504
0.490909
0.490734
0.490127
0.490547
0.489676
0.489948
0.490885
0.491628
0.491723
0.491995
0.491119
0.490893
0.490803
0.491452
0.491519
0.491457
0.490194
0.491187
0.491058
0.491858
0.491743
0.492616
0.492757
0.493141
0.492994
0.491826
0.491934
0.490595
0.490093
0.489854
0.490079
0.490768
0.491267
0.491226
0.491441
0.490772
0.489768
0.489895
0.489784
0.489542
0.489442
0.489584
0.489486
0.489384
0.489124
0.48955
0.49004
0.490171
0.489932
0.489825
0.490155
0.490064
0.490349
0.490119
0.490383
0.490295
0.490641
0.490656
0.490646
0.490334
0.49027
0.490106
0.490337
