0.0416667
0.24707
0.279178
0.296076
0.288203
0.292068
0.296902
0.291834
0.289037
0.286056
0.28422
0.282429
0.28055
0.273839
0.273703
0.272701
0.27027
0.268897
0.269283
0.269796
0.267164
0.268158
0.266021
0.264582
0.264615
0.263568
0.263349
0.262219
0.263287
0.262124
0.26031
0.261924
0.260829
0.260047
0.257807
0.255639
0.254881
0.255133
0.254689
0.255099
0.255198
0.256749
0.25705
0.256257
0.256268
0.255548
0.255195
0.254647
0.254295
0.253875
0.254003
0.254426
0.254299
0.254568
0.254303
0.254866
0.254813
0.254921
0.255571
0.255116
0.255283
0.254387
0.254394
0.251725
0.250571
0.25123
0.250241
0.251476
0.251926
0.251569
0.251359
0.250744
0.25
0.248837
0.24804
0.247803
0.247352
0.246219
0.24628
0.245419
0.245323
0.245965
0.246463
0.246749
0.24609
0.245331
0.244678
0.244283
0.244596
0.243995
0.243162
0.242092
0.242251
0.241672
0.241311
0.241004
0.240733
0.240756
0.240419
