0.258462
0.246533
0.235415
0.22043
0.223871
0.231839
0.23019
0.224046
0.223855
0.22462
0.219983
0.218632
0.215796
0.209417
0.209681
0.20886
0.209695
0.208396
0.209074
0.206897
0.20529
0.205198
0.204239
0.204728
0.203355
0.201138
0.202103
0.20373
0.203688
0.203627
0.203413
0.20391
0.203865
0.203661
0.204475
0.205564
0.206201
0.206686
0.207346
0.206554
0.207643
0.208232
0.208054
0.208827
0.209617
0.209733
0.209351
0.20986
0.20976
0.209616
0.20994
0.209062
0.209591
0.207644
0.207668
0.208554
0.208368
0.209298
0.209686
0.2098
0.209429
0.209164
0.208992
0.20809
0.207985
0.207428
0.206895
0.206066
0.205522
0.205113
0.205301
0.20588
0.206498
0.206509
0.206409
0.205916
0.206098
0.205787
0.206319
0.20615
0.20599
0.205179
0.205049
0.204536
0.204864
0.205364
0.205712
0.206316
0.206861
