0.421252
0.450442
0.451936
0.46015
0.454363
0.44656
0.450712
0.455022
0.453838
0.455631
0.454003
0.454049
0.453174
0.457228
0.458843
0.459233
0.457893
0.45695
0.456053
0.456361
0.455286
0.456397
0.455727
0.453833
0.453821
0.45529
0.454223
0.45339
0.453672
0.454172
0.452756
0.45352
0.452015
0.451361
0.452958
0.453586
0.454293
0.45488
0.456848
0.457789
0.458885
0.45799
0.458367
0.457889
0.457362
0.455884
0.455503
0.45472
0.454071
0.452739
0.452212
0.45143
0.450738
0.450553
0.450907
0.45127
0.451568
0.452519
0.4521
0.451864
0.451998
0.451991
0.452064
0.451617
0.452349
0.452301
0.4524
0.452698
0.452952
0.453184
0.453206
0.452503
0.452529
0.452251
0.451465
0.451575
0.451571
0.451708
0.451173
0.450659
0.450994
0.451109
0.451333
0.451171
0.45189
0.452664
0.452299
0.452753
0.452802
0.453408
0.453664
0.454022
0.453679
0.453729
0.454605
0.45472
0.454861
0.455005
0.454517
