0.122622
0.169215
0.197071
0.210474
0.214229
0.213573
0.21404
0.22011
0.210211
0.210897
0.209583
0.208437
0.205986
0.207819
0.208302
0.207755
0.206477
0.206806
0.207703
0.208928
0.206697
0.208509
0.206679
0.202496
0.204008
0.203225
0.203207
0.202798
0.203154
0.204366
0.201548
0.201295
0.201499
0.199754
0.199474
0.198652
0.198756
0.19841
0.199632
0.199108
0.197982
0.19674
0.195997
0.195126
0.194823
0.192276
0.191583
0.191701
0.190127
0.189596
0.190507
0.189465
0.18953
0.188105
0.187488
0.187426
0.187388
0.187515
0.188212
0.187675
0.186895
0.186455
0.1865
0.1856
0.185684
0.185878
0.185538
0.186324
0.186928
0.187995
0.187831
0.186901
0.186629
0.18659
0.18668
0.186863
0.186013
0.186294
0.18643
0.186609
0.187016
0.18681
0.186349
0.186807
0.186491
0.186274
0.185315
0.185328
0.185697
0.1858
0.185324
0.18561
0.184717
0.184221
0.184778
0.184819
0.185159
0.18494
0.184809
