0.217647
0.19174
0.192698
0.190694
0.196353
0.197869
0.194251
0.197508
0.194836
0.197699
0.195922
0.197375
0.193118
0.186875
0.189704
0.18997
0.191229
0.192906
0.192674
0.194574
0.189939
0.188875
0.187598
0.185953
0.186058
0.186578
0.18692
0.186062
0.186015
0.185264
0.184924
0.184226
0.184324
0.183632
0.182684
0.181136
0.180508
0.180665
0.180114
0.179528
0.179927
0.179162
0.178926
0.17823
0.176862
0.1769
0.176895
0.177054
0.177514
0.176036
0.175717
0.175451
0.175625
0.174815
0.175143
0.175402
0.175702
0.175748
0.176168
0.176905
0.176664
0.176117
0.175856
0.175812
0.175681
0.175178
0.174027
0.174289
0.174233
0.174576
0.175234
0.175588
0.175319
0.175569
0.17602
0.176133
0.175191
0.175294
0.175386
0.175271
0.174894
0.174953
0.174126
0.174153
0.17462
0.174449
0.174889
0.1751
0.175176
