0.0750507
0.285132
0.312331
0.310362
0.320648
0.317065
0.308971
0.301906
0.304919
0.303724
0.301043
0.295091
0.285762
0.279994
0.278061
0.274381
0.274593
0.269664
0.268207
0.267174
0.26276
0.260704
0.259715
0.255295
0.254349
0.253525
0.249384
0.246124
0.242298
0.238177
0.235274
0.233488
0.232519
0.230448
0.228927
0.228439
0.227639
0.226517
0.224784
0.221202
0.219434
0.218575
0.217386
0.216306
0.214169
0.212268
0.210049
0.208901
0.208156
0.207647
0.206928
0.206077
0.205374
0.20465
0.203828
0.202997
0.202287
0.200775
0.199689
0.198563
0.19832
0.198129
0.196252
0.195192
0.193677
0.192513
0.191977
0.192083
0.191639
0.191537
0.190892
0.190525
0.190309
0.190299
0.189608
0.189206
0.188481
0.188347
0.187377
0.187104
0.186617
0.186703
0.185992
0.185178
0.184361
0.183716
0.183327
0.182744
0.182033
0.181884
0.181426
0.181013
0.181637
0.181631
0.181616
0.181342
0.180939
0.181065
0.181311
