0.333333
0.532417
0.545932
0.565409
0.566798
0.565533
0.568499
0.560818
0.561127
0.55473
0.552528
0.549665
0.543381
0.538945
0.535698
0.532898
0.531998
0.529412
0.527289
0.527411
0.525787
0.52359
0.522102
0.518907
0.516637
0.515683
0.511376
0.509475
0.509092
0.506245
0.503916
0.50332
0.500585
0.497983
0.497104
0.496557
0.496706
0.495159
0.49503
0.493145
0.492201
0.492116
0.49041
0.49005
0.489094
0.488335
0.487725
0.486409
0.484663
0.483365
0.482702
0.483239
0.482996
0.481747
0.480637
0.480801
0.480098
0.479272
0.478705
0.478523
0.477346
0.477608
0.476009
0.476269
0.475425
0.474603
0.473872
0.473872
0.473384
0.473638
0.473194
0.4731
0.472832
0.472765
0.472595
0.472028
0.471625
0.471349
0.470922
0.470524
0.470553
0.470353
0.469547
0.468831
0.468631
0.468585
0.468003
0.46726
0.466967
0.466976
0.466488
0.466461
0.46601
0.466263
0.465921
0.465998
0.465696
0.465509
0.465797
