0.237942
0.231612
0.212614
0.197869
0.191764
0.192366
0.19913
0.201365
0.207128
0.206469
0.205227
0.202069
0.199766
0.195048
0.192168
0.190602
0.189074
0.187626
0.185744
0.18363
0.181125
0.181054
0.180457
0.17898
0.177521
0.179808
0.180501
0.179429
0.179516
0.177992
0.1777
0.178195
0.176874
0.177664
0.176881
0.176766
0.175467
0.174456
0.174161
0.174217
0.174359
0.174469
0.174878
0.174381
0.174498
0.175407
0.175414
0.175488
0.175191
0.174322
0.174903
0.174355
0.173447
0.173737
0.17308
0.172695
0.172521
0.173558
0.173057
0.173331
0.173381
0.173226
0.172944
0.173033
0.172903
0.172512
0.172472
0.172559
0.171817
0.171685
0.171779
0.172246
0.171744
0.172241
0.17229
0.17224
0.172174
0.17162
0.171261
0.171249
0.171308
0.1712
0.171517
0.17117
0.171461
0.171822
0.171639
0.171729
0.171756
