0.360531
0.480864
0.497997
0.505764
0.517614
0.521042
0.521937
0.523238
0.52436
0.526064
0.52771
0.527289
0.528758
0.526919
0.524456
0.525284
0.524506
0.521266
0.519013
0.518412
0.516588
0.51494
0.514864
0.515045
0.515692
0.516092
0.514574
0.514115
0.51318
0.512024
0.512217
0.5116
0.510843
0.51284
0.513915
0.512923
0.513506
0.512772
0.513003
0.513628
0.514267
0.513707
0.514085
0.513692
0.513216
0.513317
0.513528
0.512965
0.51346
0.513068
0.512863
0.512037
0.51136
0.511259
0.511613
0.511919
0.512066
0.512048
0.511561
0.511137
0.511677
0.511773
0.511577
0.511229
0.511351
0.511335
0.51124
0.511001
0.509975
0.509443
0.508722
0.507994
0.507241
0.506875
0.507035
0.507165
0.507453
0.507956
0.507898
0.50754
0.507273
0.507361
0.507136
0.506526
0.506698
0.507127
0.507124
0.507206
0.506937
0.507072
0.507354
0.507186
0.507272
0.507451
0.507573
0.50766
0.507861
0.507323
0.507041
