0.0909091
0.299694
0.341545
0.353616
0.359712
0.3666
0.36533
0.369185
0.372031
0.378569
0.375401
0.37274
0.370507
0.36768
0.362461
0.359565
0.356108
0.353272
0.352257
0.349574
0.347691
0.348367
0.346141
0.345884
0.345
0.343696
0.344805
0.345721
0.344023
0.342123
0.341908
0.341481
0.34075
0.339566
0.339114
0.338632
0.337528
0.338308
0.337671
0.337459
0.336609
0.337387
0.336555
0.335776
0.334888
0.334289
0.33362
0.33217
0.331826
0.331401
0.330513
0.329393
0.329593
0.3295
0.328116
0.327395
0.326193
0.32432
0.32337
0.321821
0.321432
0.320478
0.319652
0.318512
0.317877
0.317549
0.316514
0.316293
0.315312
0.314891
0.313759
0.312885
0.312069
0.312257
0.312255
0.311734
0.311432
0.311019
0.311109
0.310639
0.310333
0.309913
0.309967
0.309737
0.30984
0.309258
0.308792
0.308276
0.308002
0.307084
0.307288
0.306922
0.306708
0.306296
0.305701
0.304986
0.304129
0.304207
0.303884
