0.270588
0.256637
0.266734
0.270023
0.27538
0.281583
0.283972
0.280211
0.277331
0.275507
0.271976
0.272085
0.264981
0.263364
0.264491
0.263868
0.26527
0.26786
0.264669
0.264657
0.264828
0.265546
0.265044
0.263475
0.263743
0.263671
0.264841
0.264506
0.262922
0.263796
0.264121
0.264332
0.26399
0.263425
0.263117
0.263233
0.262899
0.262184
0.262818
0.263298
0.262527
0.26315
0.262476
0.262119
0.260957
0.260283
0.260186
0.259835
0.259967
0.258759
0.258145
0.256952
0.255963
0.255046
0.254293
0.25334
0.252923
0.25192
0.251581
0.251833
0.252277
0.253559
0.253609
0.25383
0.254336
0.254424
0.255158
0.25546
0.255384
0.256311
0.256905
0.257269
0.257215
0.257959
0.258603
0.258639
0.258754
0.259291
0.259361
0.259254
0.259165
0.259366
0.259073
0.259194
0.259493
0.259513
0.259832
0.259679
0.259791
