0.0590551
0.261882
0.316306
0.32564
0.32492
0.328877
0.332667
0.328362
0.318425
0.311302
0.307808
0.308953
0.305496
0.298885
0.294916
0.293808
0.291365
0.288688
0.286054
0.28472
0.283658
0.281153
0.279
0.278646
0.274925
0.273532
0.272548
0.271261
0.266856
0.265628
0.265711
0.264377
0.262278
0.260034
0.256327
0.254759
0.25399
0.253587
0.252392
0.24995
0.248545
0.24667
0.245356
0.244237
0.243032
0.240661
0.238528
0.236222
0.234222
0.23238
0.230691
0.230144
0.229876
0.229915
0.229155
0.227912
0.227231
0.226578
0.225903
0.226003
0.224573
0.223986
0.223646
0.222488
0.222098
0.221268
0.220615
0.219758
0.219196
0.217531
0.215888
0.214943
0.213287
0.212157
0.211165
0.210556
0.209083
0.208934
0.208141
0.206966
0.205719
0.204884
0.204629
0.203458
0.202005
0.200303
0.199284
0.198333
0.197873
0.197479
0.197107
0.196446
0.196128
0.195446
0.19535
0.195113
0.19431
0.194054
0.1939
