0.264228
0.500516
0.541752
0.567015
0.570687
0.567819
0.564322
0.564496
0.560142
0.550881
0.547637
0.541637
0.540997
0.537373
0.533444
0.530551
0.527121
0.523722
0.521259
0.521069
0.519157
0.517088
0.515687
0.51384
0.512731
0.512242
0.511319
0.508793
0.506603
0.506024
0.506067
0.50502
0.50516
0.503334
0.500373
0.499564
0.49904
0.497809
0.49704
0.495669
0.494043
0.493071
0.490914
0.489941
0.490573
0.491253
0.489899
0.487158
0.485378
0.484039
0.482885
0.482235
0.481752
0.481343
0.480618
0.480664
0.480702
0.479294
0.478785
0.47914
0.478198
0.477835
0.478299
0.477919
0.477029
0.476684
0.476262
0.475677
0.475556
0.474209
0.473239
0.47333
0.4716
0.470327
0.469389
0.469139
0.468646
0.46814
0.46693
0.467343
0.467363
0.466944
0.466179
0.465103
0.464035
0.462852
0.462275
0.462089
0.461811
0.461158
0.46112
0.460462
0.460451
0.459899
0.459908
0.460129
0.459916
0.459763
0.459621
