0.204893
0.18693
0.196803
0.20223
0.197605
0.201198
0.202128
0.201402
0.204202
0.202795
0.202556
0.198649
0.198296
0.197337
0.195414
0.196556
0.196407
0.198099
0.19764
0.197666
0.198749
0.19862
0.198657
0.199086
0.196407
0.196207
0.194879
0.194367
0.195182
0.193249
0.192442
0.191044
0.189614
0.19022
0.190644
0.1889
0.187475
0.186347
0.185896
0.185915
0.184497
0.184437
0.184874
0.184405
0.185148
0.184236
0.184746
0.184376
0.184821
0.185076
0.184134
0.185121
0.185107
0.184507
0.184363
0.18397
0.183191
0.182742
0.182815
0.181472
0.180685
0.180338
0.179036
0.177836
0.177649
0.177024
0.176616
0.176772
0.17636
0.176089
0.174857
0.1747
0.174698
0.174067
0.172909
0.171478
0.170816
0.171142
0.171747
0.172477
0.172386
0.171992
0.17199
0.171434
0.171504
0.171105
0.171045
0.171025
0.170615
