0.274059
0.492723
0.532349
0.567901
0.587464
0.602389
0.604949
0.603682
0.602094
0.60082
0.598462
0.592941
0.589792
0.586658
0.583793
0.582389
0.581208
0.580483
0.574876
0.569387
0.564851
0.560144
0.556426
0.552593
0.549257
0.548095
0.545255
0.543476
0.540749
0.538281
0.536098
0.532036
0.529256
0.528073
0.527274
0.526324
0.524082
0.521964
0.521451
0.519027
0.517704
0.515876
0.515016
0.514556
0.51378
0.512751
0.510969
0.511013
0.511465
0.509553
0.50812
0.506118
0.504655
0.504118
0.503091
0.501236
0.500049
0.498994
0.498372
0.497978
0.49684
0.497179
0.495754
0.495004
0.495204
0.49485
0.493911
0.492626
0.492202
0.491599
0.490858
0.491205
0.490785
0.490929
0.490947
0.490407
0.489579
0.488866
0.488718
0.48816
0.487932
0.487435
0.486559
0.486093
0.485424
0.485609
0.485685
0.484319
0.483653
0.483126
0.481829
0.480641
0.479927
0.479598
0.479359
0.478404
0.477623
0.477433
0.477104
