0.0555556
0.296724
0.283904
0.314689
0.346229
0.368404
0.374194
0.367327
0.360972
0.35918
0.360096
0.361193
0.357693
0.356778
0.356049
0.354085
0.352641
0.353622
0.348608
0.344803
0.340016
0.337519
0.334809
0.331063
0.326234
0.32377
0.322524
0.3196
0.316698
0.313081
0.309051
0.304868
0.300934
0.300023
0.29826
0.295419
0.292818
0.289698
0.288748
0.286497
0.283694
0.28128
0.280679
0.278892
0.27818
0.277684
0.275642
0.274173
0.273682
0.271526
0.270349
0.268978
0.267049
0.265288
0.26383
0.262205
0.259803
0.258698
0.25763
0.257168
0.25557
0.25411
0.252766
0.251524
0.251228
0.251139
0.249208
0.247971
0.247137
0.24525
0.244215
0.244234
0.244166
0.243482
0.242378
0.241707
0.241266
0.240545
0.239774
0.238885
0.238003
0.237303
0.237018
0.237018
0.236508
0.236051
0.236347
0.2343
0.234006
0.233696
0.231999
0.230529
0.230106
0.22965
0.228959
0.228069
0.226742
0.226629
0.226016
