0.294118
0.264124
0.246391
0.245199
0.243743
0.246283
0.24968
0.251954
0.246594
0.244892
0.236799
0.231658
0.229061
0.228861
0.224473
0.223246
0.220848
0.218907
0.217681
0.215378
0.213155
0.211085
0.209076
0.209671
0.209937
0.208646
0.207442
0.205224
0.206046
0.207179
0.207732
0.207583
0.206778
0.206714
0.207157
0.207084
0.206838
0.206183
0.205475
0.204151
0.202916
0.202587
0.202652
0.20203
0.201945
0.201471
0.199974
0.200113
0.199433
0.199311
0.198351
0.197979
0.19714
0.196345
0.196701
0.197114
0.196252
0.195691
0.195352
0.194554
0.193896
0.193911
0.194531
0.19394
0.193532
0.193762
0.193516
0.193253
0.193643
0.193047
0.193246
0.193049
0.19341
0.193875
0.193745
0.19365
0.193058
0.19173
0.191011
0.191271
0.190544
0.190227
0.189957
0.189845
0.189772
0.189538
0.188705
0.188816
0.188633
