0.332636
0.488565
0.530239
0.556584
0.571487
0.575085
0.577001
0.57709
0.571136
0.567008
0.563654
0.563801
0.560259
0.557584
0.556219
0.554199
0.553076
0.551843
0.54833
0.547032
0.545987
0.543444
0.542388
0.5422
0.540607
0.539628
0.536862
0.536653
0.534838
0.533148
0.532967
0.532778
0.531423
0.531279
0.531312
0.531224
0.530311
0.530381
0.529465
0.527985
0.527379
0.525987
0.525489
0.524569
0.524138
0.524849
0.523538
0.524195
0.52377
0.52262
0.521716
0.52079
0.52031
0.520334
0.519976
0.519721
0.519566
0.518737
0.518711
0.518109
0.518228
0.517943
0.518029
0.517618
0.517368
0.517535
0.516797
0.516903
0.516618
0.516622
0.516059
0.517316
0.517518
0.518486
0.518314
0.517805
0.517024
0.516564
0.516752
0.517138
0.516776
0.517008
0.516321
0.516075
0.515179
0.514954
0.515166
0.514936
0.514616
0.514273
0.513805
0.513113
0.512874
0.512302
0.512252
0.512008
0.511876
0.511789
0.512043
