0.0632184
0.246628
0.290241
0.296206
0.318875
0.31759
0.326508
0.336513
0.32277
0.322852
0.323719
0.324779
0.321154
0.319752
0.316161
0.315915
0.314205
0.309999
0.305864
0.30733
0.30094
0.301048
0.301612
0.303212
0.301011
0.296219
0.292676
0.29243
0.291269
0.289927
0.289258
0.288428
0.286537
0.286093
0.285872
0.285117
0.285644
0.284809
0.283287
0.281679
0.281046
0.279636
0.279254
0.277317
0.277052
0.276694
0.276098
0.276132
0.275386
0.274817
0.274056
0.273144
0.272019
0.27173
0.271309
0.271356
0.270036
0.270185
0.269254
0.268289
0.267808
0.267412
0.267227
0.267153
0.26724
0.266642
0.265753
0.266026
0.266157
0.265197
0.264
0.265065
0.265412
0.265647
0.264595
0.264616
0.264376
0.26446
0.264182
0.263961
0.264413
0.264831
0.26548
0.265321
0.264879
0.265092
0.264655
0.264678
0.264509
0.264366
0.264647
0.263737
0.263298
0.263252
0.262773
0.261974
0.260561
0.259872
0.259249
