0.254902
0.230226
0.226179
0.222304
0.215137
0.21556
0.221511
0.221809
0.220339
0.22476
0.216447
0.21608
0.215178
0.217213
0.215848
0.211962
0.207774
0.210023
0.210234
0.214928
0.213583
0.215171
0.213626
0.21242
0.212945
0.213386
0.214127
0.214966
0.2143
0.214379
0.216646
0.21509
0.21559
0.215018
0.214537
0.213934
0.214326
0.21411
0.212899
0.213057
0.212855
0.212648
0.213524
0.214168
0.214219
0.213624
0.2131
0.213517
0.21337
0.21363
0.213595
0.21424
0.21372
0.213503
0.2138
0.213697
0.213299
0.213698
0.213832
0.213682
0.213335
0.21356
0.213654
0.21356
0.21327
0.214146
0.213884
0.214061
0.214208
0.213957
0.214458
0.215298
0.215872
0.215824
0.215572
0.2154
0.215114
0.215425
0.215432
0.215774
0.215676
0.215084
0.214736
0.214584
0.214489
0.214057
0.213241
0.212517
0.212433
