0.257322
0.505198
0.56962
0.605453
0.618189
0.622184
0.619505
0.621324
0.620533
0.621516
0.615962
0.613937
0.609423
0.605718
0.605086
0.602151
0.600471
0.598382
0.594818
0.593086
0.590744
0.589032
0.587224
0.585975
0.58335
0.582948
0.579304
0.577962
0.576303
0.575431
0.574862
0.573596
0.572357
0.573037
0.571614
0.572511
0.572101
0.570489
0.569326
0.56732
0.567132
0.565917
0.565868
0.565486
0.565146
0.56488
0.563049
0.563627
0.563758
0.562205
0.560723
0.559352
0.55885
0.558903
0.557917
0.556643
0.555875
0.555108
0.555141
0.553815
0.553357
0.553108
0.552666
0.551714
0.551499
0.550477
0.549635
0.549176
0.548342
0.548132
0.54746
0.547943
0.547666
0.547994
0.547723
0.547144
0.546608
0.546011
0.545543
0.545762
0.545269
0.54495
0.544473
0.543721
0.543258
0.543172
0.543501
0.542863
0.542503
0.54209
0.541477
0.540861
0.54096
0.541108
0.540648
0.540176
0.540421
0.540345
0.540017
