0.0478927
0.309249
0.375792
0.390564
0.417351
0.431922
0.435905
0.439716
0.433254
0.433789
0.433584
0.434368
0.431591
0.42804
0.426111
0.423521
0.421449
0.418994
0.416482
0.413269
0.410352
0.410242
0.409738
0.40679
0.399647
0.396827
0.395025
0.395567
0.394376
0.390823
0.388469
0.38763
0.385447
0.384889
0.382097
0.378404
0.378069
0.376808
0.376121
0.375264
0.373781
0.372447
0.371616
0.370462
0.370056
0.368148
0.366343
0.365601
0.36643
0.364264
0.363502
0.362387
0.361172
0.359807
0.360012
0.357946
0.356637
0.355821
0.353818
0.35193
0.350697
0.350097
0.349203
0.34869
0.349204
0.348544
0.34745
0.346316
0.345159
0.344235
0.343141
0.34269
0.342607
0.342024
0.341555
0.34097
0.340651
0.340495
0.339633
0.339119
0.337913
0.336965
0.336957
0.335862
0.334864
0.334313
0.334389
0.333482
0.333354
0.333177
0.33322
0.332752
0.332254
0.331806
0.330637
0.329784
0.329101
0.329122
0.328564
