0.305322
0.264124
0.259865
0.265879
0.26758
0.266601
0.271874
0.277633
0.279163
0.276142
0.272827
0.271357
0.268626
0.266609
0.258977
0.258416
0.257597
0.256956
0.254278
0.256595
0.254815
0.252894
0.253803
0.25428
0.251925
0.251878
0.250334
0.249331
0.248865
0.249475
0.250654
0.249531
0.249296
0.249205
0.249035
0.247933
0.246886
0.24677
0.247081
0.246717
0.246503
0.246784
0.247405
0.246811
0.247418
0.246666
0.246107
0.246303
0.245252
0.244744
0.24438
0.244846
0.245
0.244858
0.245095
0.245356
0.244957
0.244926
0.244855
0.244287
0.243409
0.242644
0.24253
0.24179
0.241486
0.242145
0.242165
0.242175
0.242981
0.243256
0.242841
0.24219
0.242382
0.241846
0.241378
0.24104
0.240735
0.240514
0.240312
0.240504
0.240398
0.240605
0.240426
0.240331
0.240309
0.240194
0.24
0.239755
0.239696
