0.059387
0.310212
0.352978
0.360409
0.377882
0.398046
0.4
0.397408
0.395268
0.391992
0.389859
0.384255
0.381943
0.38048
0.377097
0.376479
0.373606
0.370223
0.369796
0.368254
0.36482
0.364272
0.363579
0.361659
0.358916
0.356736
0.353938
0.353562
0.351328
0.349332
0.346912
0.344693
0.341946
0.341585
0.339625
0.338064
0.33467
0.332323
0.330412
0.328207
0.326832
0.325536
0.324661
0.322768
0.322307
0.321372
0.320194
0.318795
0.316235
0.315063
0.314357
0.313183
0.312907
0.312296
0.312119
0.311219
0.310779
0.309919
0.308063
0.30717
0.306227
0.304888
0.304469
0.304122
0.304515
0.303874
0.303618
0.303392
0.303436
0.30284
0.301815
0.302761
0.302166
0.302577
0.301498
0.300136
0.299458
0.299063
0.298234
0.29693
0.295657
0.295365
0.295091
0.294159
0.293679
0.293676
0.29419
0.293298
0.292515
0.292659
0.292163
0.291502
0.291346
0.290776
0.289622
0.288899
0.288337
0.287935
0.28738
