0.32636
0.54158
0.580872
0.602881
0.610815
0.621843
0.623872
0.624137
0.618939
0.614549
0.609038
0.604706
0.601741
0.598449
0.595895
0.591688
0.589246
0.587908
0.585673
0.583191
0.581019
0.577522
0.575579
0.573693
0.571647
0.57133
0.567954
0.566805
0.564392
0.562467
0.562336
0.560732
0.559435
0.55904
0.556605
0.556546
0.55537
0.553936
0.551364
0.548865
0.547716
0.545888
0.546183
0.546758
0.545157
0.544775
0.542857
0.54297
0.54217
0.540244
0.53898
0.538323
0.537941
0.537112
0.536861
0.536032
0.53553
0.534215
0.53367
0.532754
0.532518
0.532163
0.53159
0.530853
0.530502
0.53026
0.529059
0.528378
0.528009
0.527864
0.527546
0.528232
0.527994
0.528552
0.528407
0.527585
0.526615
0.526149
0.525749
0.525885
0.525243
0.525026
0.524448
0.52319
0.522819
0.522737
0.522766
0.522193
0.521989
0.521663
0.520621
0.51998
0.520011
0.519306
0.519011
0.518818
0.51868
0.51832
0.518456
