0.254902
0.237288
0.235804
0.24003
0.235995
0.233895
0.236876
0.241905
0.245264
0.246695
0.243399
0.239447
0.240167
0.241588
0.239117
0.241113
0.238869
0.238351
0.236058
0.238459
0.238693
0.238731
0.238981
0.24016
0.239172
0.238585
0.237411
0.235735
0.235039
0.235376
0.236314
0.235267
0.235487
0.234541
0.233674
0.233564
0.233048
0.232105
0.229835
0.228679
0.227507
0.227596
0.227904
0.228364
0.228773
0.228273
0.228285
0.227802
0.226998
0.227284
0.227
0.226959
0.226882
0.227308
0.227118
0.227265
0.226693
0.226762
0.227142
0.22682
0.226493
0.226351
0.226275
0.226028
0.226011
0.226048
0.225305
0.225041
0.224774
0.224283
0.224428
0.224499
0.224544
0.223765
0.223893
0.224568
0.223968
0.223904
0.223152
0.223363
0.223134
0.223419
0.223518
0.22319
0.223522
0.223555
0.223388
0.223062
0.222992
