0.0383142
0.286127
0.356147
0.38035
0.399766
0.407818
0.406452
0.396185
0.392446
0.392969
0.390042
0.388764
0.382763
0.378466
0.376803
0.373803
0.370918
0.368421
0.364745
0.363304
0.360177
0.35772
0.352408
0.348445
0.341643
0.33764
0.332197
0.32666
0.320257
0.315025
0.3102
0.3083
0.306615
0.307139
0.306002
0.304711
0.304002
0.302025
0.298186
0.294087
0.290539
0.287096
0.28452
0.282407
0.278834
0.27716
0.275242
0.275405
0.275056
0.273576
0.271196
0.269395
0.266691
0.264835
0.263484
0.261913
0.261094
0.259216
0.256657
0.255253
0.252701
0.250972
0.249194
0.248347
0.248433
0.246208
0.243651
0.240831
0.238768
0.238219
0.236839
0.237072
0.235956
0.235254
0.233885
0.233569
0.233237
0.232752
0.231614
0.231551
0.230684
0.229823
0.229252
0.227996
0.227096
0.225598
0.223906
0.222002
0.221172
0.219627
0.219014
0.218757
0.218336
0.21776
0.217016
0.216073
0.216108
0.216411
0.21624
