0.26569
0.517672
0.574543
0.609053
0.623925
0.631399
0.63115
0.62695
0.626679
0.625205
0.619231
0.61448
0.610277
0.604103
0.601716
0.597646
0.594651
0.591355
0.586308
0.582702
0.580316
0.575491
0.570465
0.567394
0.564217
0.561682
0.557845
0.553896
0.548809
0.545676
0.543208
0.540694
0.539048
0.539647
0.537788
0.536942
0.535598
0.533211
0.52981
0.525561
0.524154
0.521865
0.520252
0.518883
0.516688
0.516605
0.514577
0.514894
0.514318
0.512024
0.51044
0.509349
0.506631
0.505601
0.504397
0.502471
0.501703
0.50024
0.499174
0.497466
0.495878
0.494741
0.493442
0.49255
0.492137
0.491445
0.489544
0.487861
0.486812
0.486441
0.48569
0.486179
0.485586
0.485303
0.484823
0.483837
0.483308
0.482962
0.482672
0.482826
0.481748
0.480666
0.479495
0.478199
0.477282
0.47617
0.475367
0.474341
0.47362
0.47285
0.472029
0.471226
0.470545
0.46958
0.469159
0.468726
0.468867
0.468764
0.468717
