0.257703
0.248588
0.250241
0.252585
0.247914
0.246779
0.253948
0.254559
0.257228
0.256611
0.251925
0.246985
0.241092
0.239215
0.231093
0.228888
0.223675
0.21874
0.21467
0.21238
0.209302
0.210132
0.210636
0.213045
0.212705
0.21327
0.213681
0.212932
0.211102
0.210779
0.209282
0.206456
0.204779
0.203357
0.201322
0.200735
0.2
0.200872
0.200603
0.199698
0.198498
0.198275
0.197531
0.197024
0.196579
0.196151
0.196114
0.195897
0.195116
0.195324
0.193724
0.193681
0.192696
0.192879
0.193631
0.192645
0.19154
0.190174
0.188953
0.188614
0.188604
0.189096
0.189654
0.189
0.188389
0.189065
0.188526
0.188693
0.189451
0.189433
0.189343
0.189202
0.189116
0.188582
0.188319
0.187378
0.186672
0.186038
0.185623
0.184815
0.184764
0.184953
0.184856
0.18484
0.18497
0.185106
0.185334
0.185656
0.186121
