0.3159
0.523909
0.579466
0.605967
0.613273
0.620819
0.618049
0.617489
0.617346
0.618033
0.614808
0.611946
0.609252
0.605395
0.603707
0.600552
0.599778
0.599045
0.596342
0.591986
0.591916
0.589032
0.586353
0.583771
0.582129
0.582652
0.579781
0.577686
0.576124
0.575866
0.574609
0.572112
0.571394
0.572255
0.571004
0.570506
0.569856
0.568862
0.566632
0.564693
0.564236
0.563019
0.562902
0.562148
0.560724
0.560728
0.559034
0.558719
0.559004
0.55677
0.555759
0.554637
0.554325
0.553379
0.55244
0.551503
0.550326
0.549741
0.549054
0.547817
0.546991
0.546788
0.546218
0.545841
0.544889
0.544476
0.543924
0.543831
0.543606
0.54366
0.542889
0.543113
0.542816
0.542445
0.541977
0.541209
0.539858
0.539087
0.538273
0.538366
0.53754
0.537001
0.536038
0.535657
0.534948
0.534693
0.534493
0.532949
0.532759
0.532479
0.531646
0.53098
0.530747
0.530633
0.530388
0.529691
0.529683
0.529567
0.52928
