0.0383142
0.279383
0.34474
0.366245
0.376319
0.390879
0.398036
0.401321
0.406338
0.399414
0.403638
0.401248
0.396854
0.393493
0.389756
0.38831
0.38812
0.387595
0.386302
0.383455
0.383735
0.384036
0.383497
0.38087
0.379821
0.379156
0.376785
0.37519
0.372678
0.370543
0.36884
0.365603
0.36358
0.363313
0.362188
0.362556
0.360273
0.358766
0.355761
0.354871
0.353633
0.352216
0.352351
0.350827
0.34921
0.347993
0.347119
0.345893
0.343944
0.341606
0.34073
0.339217
0.339499
0.338417
0.338121
0.337649
0.33641
0.336519
0.336127
0.333971
0.333079
0.332111
0.331606
0.331172
0.330693
0.329405
0.328271
0.328181
0.328502
0.326934
0.326127
0.325863
0.325846
0.32587
0.324531
0.324145
0.32311
0.322085
0.320911
0.320784
0.319892
0.319273
0.319096
0.318419
0.317755
0.316967
0.31681
0.315786
0.315843
0.315857
0.315041
0.314253
0.313374
0.312579
0.311492
0.310339
0.309547
0.30883
0.307872
