0.282913
0.266949
0.253128
0.260709
0.255662
0.253717
0.260777
0.259025
0.261881
0.266226
0.265127
0.261558
0.260065
0.259922
0.259579
0.259733
0.25477
0.253604
0.252693
0.254496
0.254815
0.253166
0.252243
0.25253
0.252647
0.253034
0.252005
0.251472
0.251135
0.252275
0.251235
0.25
0.250023
0.249735
0.248434
0.248434
0.248514
0.247483
0.245689
0.243623
0.242601
0.24276
0.243547
0.243382
0.242991
0.242988
0.242311
0.242464
0.24149
0.240394
0.24005
0.239677
0.239474
0.239213
0.23934
0.238141
0.237546
0.237535
0.237893
0.237441
0.236534
0.236418
0.236411
0.235391
0.234444
0.234621
0.234522
0.234383
0.234773
0.234178
0.234101
0.233909
0.234082
0.233905
0.233781
0.2333
0.232743
0.232345
0.231828
0.231783
0.232195
0.23227
0.23179
0.231581
0.231453
0.23147
0.231764
0.231821
0.231751
