0.297071
0.496881
0.542897
0.56893
0.578861
0.591468
0.591849
0.593966
0.590257
0.587705
0.585
0.583529
0.579549
0.573413
0.573989
0.572653
0.571369
0.570671
0.568017
0.5645
0.562156
0.556759
0.552944
0.549549
0.545186
0.543172
0.540486
0.536561
0.53448
0.533409
0.532628
0.530634
0.529738
0.528699
0.528645
0.526992
0.524734
0.522954
0.521382
0.519027
0.517968
0.515876
0.515773
0.516101
0.514931
0.515479
0.514344
0.513981
0.512864
0.511694
0.509361
0.508237
0.507828
0.507187
0.506257
0.50514
0.50511
0.504696
0.50479
0.503092
0.501924
0.502234
0.501489
0.500438
0.499957
0.498851
0.498488
0.497887
0.496979
0.497683
0.49686
0.497291
0.497653
0.497168
0.496806
0.496193
0.494817
0.493968
0.49318
0.492818
0.491656
0.490524
0.489851
0.488701
0.487435
0.486272
0.485456
0.484579
0.483717
0.483285
0.482615
0.481791
0.481219
0.480847
0.479812
0.47924
0.478836
0.478253
0.477974
