0.0555556
0.260116
0.329531
0.322471
0.349355
0.368078
0.373633
0.372463
0.36705
0.360547
0.36083
0.355644
0.348517
0.342525
0.343244
0.341549
0.338261
0.335349
0.331609
0.331251
0.32767
0.323979
0.319633
0.316731
0.310629
0.305814
0.303363
0.299312
0.29691
0.293476
0.292378
0.290982
0.288327
0.284654
0.284619
0.281083
0.276711
0.2751
0.274388
0.272769
0.270391
0.268003
0.267299
0.266287
0.265412
0.264577
0.264518
0.263087
0.261972
0.26079
0.258698
0.258305
0.258339
0.25809
0.25764
0.257289
0.256073
0.254884
0.25411
0.252655
0.251087
0.250928
0.249848
0.249377
0.248645
0.247587
0.247479
0.246105
0.244855
0.245132
0.24402
0.244234
0.244584
0.24382
0.242675
0.241743
0.239711
0.238328
0.23716
0.235882
0.235069
0.233956
0.233946
0.233342
0.231984
0.230335
0.228721
0.227624
0.227526
0.227193
0.226836
0.226279
0.225113
0.223869
0.22238
0.222085
0.221599
0.220901
0.220316
