0.257703
0.235876
0.219442
0.217134
0.225268
0.221011
0.226206
0.224414
0.224992
0.225661
0.220847
0.216583
0.21217
0.211389
0.206219
0.205943
0.205124
0.20114
0.202155
0.203088
0.204309
0.205229
0.204525
0.203924
0.203681
0.202636
0.199755
0.19955
0.198824
0.19888
0.199399
0.197917
0.199419
0.19894
0.199434
0.199148
0.200244
0.201427
0.199753
0.200528
0.199013
0.198778
0.199495
0.199355
0.199195
0.198647
0.19843
0.197785
0.197521
0.19762
0.197046
0.197979
0.19771
0.19858
0.198564
0.197976
0.197893
0.197616
0.196887
0.197473
0.197309
0.197656
0.198355
0.197845
0.197239
0.19741
0.196439
0.195688
0.195433
0.194424
0.194307
0.193844
0.193823
0.193183
0.192499
0.191506
0.190198
0.189871
0.189062
0.188817
0.189537
0.19019
0.189921
0.189809
0.190021
0.190453
0.19086
0.190911
0.191179
