0.0574713
0.283237
0.326362
0.323444
0.346229
0.365798
0.378962
0.377843
0.370523
0.368945
0.363035
0.358592
0.352777
0.341441
0.340889
0.339296
0.336245
0.334706
0.332471
0.330427
0.329709
0.326818
0.325429
0.323745
0.321131
0.31807
0.316444
0.315578
0.312446
0.308687
0.306422
0.302953
0.302179
0.30237
0.301357
0.300029
0.29943
0.29624
0.292523
0.289599
0.288537
0.287539
0.285201
0.282407
0.281031
0.280014
0.276041
0.274397
0.274836
0.274709
0.275221
0.27507
0.275657
0.27631
0.274627
0.274325
0.273814
0.273716
0.272449
0.271161
0.269646
0.269622
0.268055
0.265092
0.263639
0.261084
0.259909
0.257749
0.256867
0.256428
0.256507
0.256132
0.25496
0.255166
0.25369
0.252117
0.251899
0.251269
0.250548
0.251249
0.25126
0.250692
0.249679
0.249348
0.248927
0.247027
0.245492
0.245257
0.245322
0.245389
0.24554
0.245237
0.24466
0.244085
0.24351
0.242558
0.242112
0.242661
0.242148
