0.345188
0.524948
0.567511
0.585391
0.599345
0.610239
0.609316
0.610586
0.603005
0.59918
0.594808
0.592579
0.588938
0.583266
0.582414
0.578466
0.575527
0.575179
0.571574
0.568776
0.56696
0.563191
0.559038
0.558052
0.556585
0.55479
0.551836
0.551222
0.549704
0.547503
0.547609
0.54457
0.545228
0.545902
0.544416
0.544739
0.543999
0.541841
0.538929
0.536607
0.53554
0.534553
0.533502
0.53316
0.5328
0.533389
0.529823
0.52916
0.529642
0.528824
0.527758
0.526299
0.526447
0.526421
0.525102
0.524812
0.524336
0.523816
0.523807
0.522618
0.521755
0.521916
0.521542
0.52016
0.519269
0.518641
0.517637
0.516364
0.515924
0.515655
0.514667
0.51496
0.514841
0.515118
0.51461
0.51355
0.51256
0.511936
0.51193
0.512623
0.511752
0.511107
0.510252
0.50991
0.509382
0.509025
0.508975
0.508424
0.508302
0.508247
0.5079
0.507209
0.507183
0.506882
0.506186
0.505944
0.505724
0.505404
0.505311
