0.22409
0.217514
0.211742
0.199409
0.198451
0.199207
0.205719
0.210272
0.212363
0.216046
0.214246
0.21407
0.212633
0.213115
0.21344
0.213654
0.209364
0.212202
0.210551
0.211331
0.208874
0.209043
0.211156
0.212295
0.211622
0.21223
0.212455
0.209721
0.206459
0.206579
0.208216
0.20899
0.208322
0.207244
0.2075
0.207334
0.205372
0.20436
0.203774
0.204302
0.20402
0.204743
0.205808
0.206282
0.206036
0.206135
0.206923
0.207916
0.207449
0.206561
0.206715
0.207619
0.206541
0.20512
0.204374
0.20336
0.202922
0.202144
0.202212
0.201903
0.201909
0.20179
0.202084
0.201797
0.201177
0.201104
0.20107
0.200956
0.201546
0.201953
0.20241
0.202417
0.20204
0.201938
0.202066
0.201389
0.200071
0.200325
0.200298
0.20071
0.200947
0.201291
0.201071
0.200684
0.200974
0.200971
0.200417
0.200598
0.200482
