0.0670498
0.263006
0.31749
0.31177
0.329816
0.349511
0.36101
0.360479
0.351422
0.343945
0.345214
0.34472
0.340816
0.343455
0.339859
0.338451
0.337186
0.333548
0.332717
0.328423
0.326651
0.325071
0.324481
0.319374
0.318088
0.31693
0.313865
0.310573
0.305676
0.30387
0.30092
0.299202
0.297354
0.296994
0.296269
0.294554
0.294085
0.293004
0.292658
0.291711
0.291637
0.290194
0.289599
0.28768
0.287029
0.28549
0.284598
0.284027
0.281544
0.28129
0.281629
0.28111
0.279859
0.27943
0.279134
0.277732
0.275631
0.275458
0.27458
0.274443
0.274084
0.272848
0.272062
0.271275
0.270417
0.269692
0.268428
0.267973
0.267078
0.266382
0.265756
0.26595
0.265412
0.265196
0.264446
0.263443
0.263797
0.262708
0.261922
0.260853
0.259925
0.259401
0.258795
0.258772
0.258108
0.258036
0.257125
0.256436
0.256164
0.255456
0.255279
0.254717
0.25413
0.253669
0.252993
0.25209
0.252048
0.251669
0.251012
