0.311715
0.50104
0.547117
0.572016
0.584596
0.593857
0.594469
0.590386
0.584339
0.584836
0.581731
0.578643
0.576135
0.57309
0.571538
0.568875
0.568043
0.5655
0.561412
0.556926
0.554423
0.551907
0.549461
0.546504
0.545288
0.545535
0.543157
0.540987
0.537525
0.535845
0.534067
0.533355
0.532788
0.532061
0.53116
0.531076
0.530963
0.530664
0.529534
0.52812
0.527577
0.527533
0.527319
0.526794
0.525289
0.524434
0.523247
0.522426
0.520526
0.519381
0.518802
0.517612
0.516045
0.51573
0.514951
0.513988
0.513579
0.513561
0.51352
0.512576
0.512458
0.511443
0.511049
0.510255
0.510153
0.509917
0.508692
0.508161
0.507921
0.508079
0.507036
0.507696
0.507042
0.507195
0.507163
0.506607
0.506289
0.50523
0.504768
0.504622
0.50462
0.503714
0.502915
0.502659
0.502346
0.502732
0.502129
0.501264
0.501378
0.501078
0.500455
0.499969
0.499708
0.499361
0.499276
0.499014
0.49963
0.499341
0.49971
