0.246499
0.241525
0.241578
0.247415
0.242551
0.23885
0.241997
0.237812
0.236623
0.236478
0.232673
0.231658
0.228829
0.226057
0.224875
0.225127
0.223852
0.222259
0.216572
0.218225
0.215723
0.215852
0.216097
0.216419
0.216915
0.217316
0.216689
0.217536
0.218015
0.219178
0.220037
0.220064
0.220223
0.219258
0.217283
0.217275
0.21742
0.217043
0.214755
0.214264
0.213444
0.213367
0.213524
0.213894
0.214353
0.213361
0.211942
0.212384
0.211643
0.211757
0.211519
0.211162
0.211042
0.211268
0.211279
0.211005
0.209963
0.209847
0.209634
0.209403
0.208983
0.209231
0.209208
0.208714
0.208127
0.208217
0.207994
0.207774
0.207746
0.207288
0.207925
0.207854
0.207614
0.207599
0.207533
0.207898
0.207122
0.206946
0.206757
0.206449
0.206466
0.206638
0.206246
0.206482
0.206523
0.206283
0.206499
0.206197
0.205948
