0.108787
0.204782
0.233474
0.245885
0.258091
0.265529
0.2754
0.276911
0.277032
0.278689
0.279615
0.277285
0.277057
0.27863
0.275276
0.275501
0.277023
0.277778
0.277277
0.275592
0.275571
0.27443
0.273153
0.272307
0.272237
0.273014
0.272103
0.271
0.270643
0.26901
0.268134
0.26709
0.267116
0.266734
0.265656
0.265835
0.265807
0.26512
0.263765
0.263555
0.263064
0.26309
0.262902
0.262624
0.262039
0.261653
0.261507
0.260842
0.259843
0.258757
0.257135
0.256264
0.255318
0.25454
0.253882
0.253163
0.253091
0.251869
0.251711
0.251197
0.250664
0.250395
0.249878
0.248839
0.248207
0.247361
0.246284
0.246251
0.245958
0.246283
0.245846
0.246034
0.245451
0.245867
0.245436
0.244718
0.244458
0.243631
0.243459
0.243173
0.242736
0.242555
0.242011
0.241149
0.240852
0.240056
0.240009
0.239519
0.239374
0.239026
0.238433
0.238021
0.237703
0.237211
0.236918
0.236484
0.236756
0.236476
0.236042
