0.0229885
0.131985
0.160963
0.176556
0.199297
0.206189
0.213464
0.214478
0.211852
0.213086
0.214036
0.213456
0.212027
0.215647
0.21519
0.215775
0.214084
0.213743
0.212244
0.210582
0.211236
0.212164
0.212773
0.212137
0.21003
0.208721
0.206541
0.204844
0.20361
0.202974
0.202858
0.201995
0.201712
0.201151
0.20115
0.199827
0.198143
0.197425
0.197398
0.19707
0.197481
0.197319
0.19637
0.196231
0.19557
0.196074
0.195665
0.195398
0.194623
0.193192
0.193401
0.192961
0.19214
0.1909
0.189887
0.189438
0.188361
0.188127
0.18719
0.186426
0.185144
0.18455
0.183596
0.182782
0.182099
0.181271
0.180763
0.180055
0.180067
0.179958
0.179005
0.178969
0.178297
0.178
0.176656
0.176203
0.176058
0.175627
0.174638
0.173681
0.173272
0.173332
0.173341
0.173127
0.172865
0.171926
0.171718
0.171309
0.170944
0.170668
0.170505
0.169801
0.16941
0.168853
0.16806
0.167356
0.166889
0.166504
0.165907
