0.154062
0.121469
0.12512
0.134417
0.133492
0.129832
0.131882
0.131001
0.129944
0.129808
0.126788
0.127387
0.126793
0.126833
0.124774
0.125259
0.123322
0.123031
0.124208
0.12515
0.125268
0.124608
0.124691
0.124078
0.123556
0.122992
0.122995
0.12215
0.122163
0.122688
0.124116
0.124812
0.125375
0.124647
0.123917
0.123465
0.123158
0.12279
0.122574
0.121736
0.121116
0.12138
0.121072
0.120148
0.11992
0.120738
0.120319
0.119753
0.11945
0.119079
0.118275
0.118706
0.118341
0.117874
0.117615
0.117159
0.116629
0.116478
0.116617
0.11648
0.116189
0.115996
0.1156
0.115555
0.114905
0.114871
0.114743
0.114402
0.113959
0.113367
0.11319
0.112793
0.112437
0.112269
0.111986
0.111371
0.111259
0.111081
0.110487
0.110398
0.110262
0.110382
0.110374
0.110263
0.110179
0.109966
0.109991
0.109848
0.109323
