0.26186
0.402355
0.419893
0.446617
0.44956
0.446226
0.437892
0.435032
0.432481
0.425985
0.42284
0.421655
0.414222
0.412023
0.408142
0.406534
0.404685
0.400934
0.397955
0.395983
0.394214
0.390992
0.392328
0.390045
0.391352
0.392079
0.390788
0.389671
0.387816
0.386564
0.385956
0.3866
0.385695
0.384592
0.386257
0.387113
0.387759
0.388172
0.387859
0.388487
0.388781
0.386915
0.386108
0.385985
0.386078
0.38578
0.384066
0.383142
0.383693
0.383807
0.383537
0.383884
0.382784
0.382189
0.381728
0.380831
0.380377
0.380514
0.380261
0.38012
0.380028
0.379116
0.378378
0.377872
0.377784
0.376707
0.376023
0.375507
0.374485
0.374372
0.375216
0.375087
0.374176
0.373905
0.37354
0.373734
0.373764
0.373191
0.372546
0.372072
0.371476
0.371474
0.370772
0.369913
0.369398
0.3695
0.369173
0.3689
0.368233
0.367827
0.367186
0.366968
0.366896
0.366595
0.36682
0.366869
0.3668
0.365824
0.365583
