0.0338266
0.211009
0.225033
0.22394
0.220224
0.221224
0.205158
0.195098
0.189345
0.181745
0.176005
0.171216
0.165524
0.16176
0.15867
0.156102
0.155234
0.154581
0.151432
0.150486
0.149654
0.148523
0.146527
0.144626
0.145378
0.145202
0.144692
0.143649
0.141926
0.141438
0.141608
0.141805
0.141696
0.140813
0.139414
0.138808
0.138843
0.13948
0.139402
0.137752
0.136023
0.134789
0.133949
0.132833
0.132413
0.131188
0.130612
0.12994
0.129619
0.128366
0.127448
0.12706
0.126422
0.125538
0.124776
0.124166
0.123703
0.123097
0.122782
0.123017
0.12173
0.121093
0.120847
0.12079
0.120505
0.120022
0.119657
0.119663
0.119104
0.119253
0.118622
0.117918
0.116633
0.115494
0.114998
0.11476
0.114615
0.114085
0.113335
0.112918
0.112677
0.112203
0.11127
0.111295
0.110674
0.11055
0.109831
0.109446
0.10916
0.108729
0.108377
0.108236
0.108055
0.108026
0.107497
0.106921
0.106445
0.105788
0.105473
