0.138235
0.153392
0.153144
0.160946
0.164742
0.163876
0.162892
0.16352
0.15996
0.158038
0.157068
0.155729
0.151217
0.151456
0.158695
0.162424
0.162464
0.164296
0.163337
0.163225
0.163356
0.162772
0.16405
0.162835
0.162257
0.161732
0.164449
0.163047
0.163089
0.161108
0.158003
0.156986
0.157769
0.156915
0.156277
0.156018
0.154627
0.154582
0.155217
0.153426
0.15195
0.151526
0.150208
0.149694
0.148293
0.147483
0.14737
0.146745
0.146301
0.145719
0.14557
0.145143
0.144699
0.144988
0.145365
0.145113
0.146046
0.145708
0.145119
0.145508
0.144855
0.144416
0.143187
0.142092
0.14337
0.144151
0.14457
0.144201
0.144405
0.145488
0.145439
0.144706
0.144012
0.143242
0.142373
0.142094
0.141435
0.141004
0.139972
0.139202
0.139729
0.139889
0.140314
0.141303
0.142201
0.14237
0.143066
0.143049
0.143279
