1.1220184543e-09 6.59876447957e-15
1.03912230384e-09 6.76033299497e-15
1.07977516233e-09 6.06790498703e-15
1.16591440118e-09 5.70777691908e-15
1.35935639088e-09 4.10557363792e-15
1.30817747426e-09 4.25538538913e-15
1.25892541179e-09 4.83538073743e-15
1.21152765863e-09 4.56938866218e-15
1.46779926762e-09 3.18582093492e-15
1.52522295654e-09 3.61873154421e-15
1.41253754462e-09 3.16981974319e-15
1.58489319246e-09 2.93594450808e-15
1.77827941004e-09 2.703848052e-15
1.84784979742e-09 2.30008909578e-15
1.71132830416e-09 2.8285451477e-15
1.64689786548e-09 2.71613237045e-15
1.99526231497e-09 2.120917925e-15
2.15443469003e-09 1.74908551543e-15
1.92014193864e-09 2.02285794407e-15
2.07332157349e-09 2.1026472677e-15
2.51188643151e-09 1.32721936851e-15
2.32630506715e-09 1.45880867398e-15
2.23872113857e-09 1.70394664231e-15
2.4173154808e-09 1.27696942554e-15
2.71227257933e-09 1.33342832631e-15
2.61015721568e-09 1.25841854298e-15
2.92864456463e-09 9.83306732142e-16
2.81838293126e-09 1.05739307244e-15
3.16227766017e-09 9.95036284244e-16
3.04321988711e-09 1.08730404366e-15
3.41454887383e-09 9.17132938051e-16
3.2859932476e-09 9.23459271243e-16
3.98107170553e-09 7.15589585964e-16
3.54813389234e-09 8.54261343565e-16
3.83118684956e-09 7.05983735844e-16
3.68694506452e-09 9.43388420924e-16
4.13682040239e-09 8.37293063065e-16
4.46683592151e-09 6.79149406945e-16
4.64158883361e-09 6.40109260317e-16
4.29866234708e-09 6.68803086755e-16
4.82317848224e-09 6.57358301039e-16
5.01187233627e-09 6.3177610252e-16
5.2079483286e-09 6.32676183853e-16
5.41169526546e-09 5.49790064229e-16
5.84341413374e-09 6.17586330705e-16
6.07202195691e-09 5.85413543096e-16
5.6234132519e-09 5.90142706728e-16
6.3095734448e-09 6.01240591602e-16
7.07945784384e-09 6.49992349193e-16
6.81292069058e-09 6.4793352951e-16
6.55641849418e-09 5.71976250598e-16
7.3564225446e-09 5.20317990458e-16
8.57695898591e-09 7.72624214201e-16
7.94328234724e-09 5.98823884128e-16
8.25404185268e-09 7.06480894875e-16
7.64422274253e-09 7.26806532947e-16
9.62350626398e-09 5.97500642042e-16
1e-08 5.333201997e-16
8.91250938134e-09 6.88892624574e-16
9.26118728129e-09 7.14768519938e-16
1.16591440118e-08 7.25464956519e-16
1.07977516233e-08 4.96395529853e-16
1.03912230384e-08 4.73280854874e-16
1.1220184543e-08 5.89287534961e-16
1.35935639088e-08 7.26720060297e-16
1.30817747426e-08 8.06372458981e-16
1.21152765863e-08 9.47231069994e-16
1.25892541179e-08 9.42483800995e-16
1.52522295654e-08 7.75072304611e-16
1.46779926762e-08 6.73936542192e-16
1.41253754462e-08 6.18936937086e-16
1.58489319246e-08 1.04755458626e-15
1.71132830416e-08 9.57652108299e-16
1.84784979742e-08 7.49453973837e-16
1.77827941004e-08 8.17856647553e-16
1.64689786548e-08 1.14381485351e-15
2.07332157349e-08 5.72909857187e-16
1.92014193864e-08 7.21341125563e-16
1.99526231497e-08 5.91074101411e-16
2.15443469003e-08 7.18380512624e-16
2.4173154808e-08 6.90525757437e-16
2.23872113857e-08 6.63561188466e-16
2.51188643151e-08 9.60515821063e-16
2.32630506715e-08 6.87476346315e-16
2.92864456463e-08 1.45080076462e-15
2.71227257933e-08 8.45223245469e-16
2.61015721568e-08 9.58018078962e-16
2.81838293126e-08 9.21619981712e-16
3.16227766017e-08 1.48482221195e-13
3.2859932476e-08 5.32599411296e-15
3.04321988711e-08 4.42936767452e-15
3.41454887383e-08 1.60448807048e-15
3.98107170553e-08 1.10520736008e-15
3.68694506452e-08 6.33951043019e-16
3.54813389234e-08 1.04700590577e-15
3.83118684956e-08 1.52949833598e-15
4.13682040239e-08 1.37380522779e-15
4.64158883361e-08 1.57901893952e-15
4.29866234708e-08 1.25847148086e-15
4.46683592151e-08 1.15249198567e-15
5.2079483286e-08 1.17955295662e-15
4.82317848224e-08 9.00425668094e-16
5.01187233627e-08 1.8276664522e-15
5.41169526546e-08 9.12694618587e-16
6.3095734448e-08 2.79260845912e-15
5.6234132519e-08 1.66654252567e-15
6.07202195691e-08 1.66277246546e-15
5.84341413374e-08 1.17349572159e-15
6.55641849418e-08 2.08650888331e-15
7.3564225446e-08 1.7930021131e-15
7.07945784384e-08 1.56351091437e-15
6.81292069058e-08 1.40723271263e-15
7.64422274253e-08 2.05265679052e-15
8.57695898591e-08 1.51587785816e-15
8.25404185268e-08 2.08456250565e-15
7.94328234724e-08 2.5522116548e-15
1e-07 1.81197486963e-15
9.62350626398e-08 4.53523100836e-15
9.26118728129e-08 2.91733850857e-15
8.91250938134e-08 1.46987960704e-15

