0.10148
0.213048
0.249001
0.2399
0.247002
0.25183
0.252149
0.249125
0.251942
0.255328
0.252405
0.252216
0.249624
0.247705
0.247105
0.244384
0.247062
0.248953
0.250469
0.25369
0.254157
0.252611
0.250241
0.249845
0.249277
0.248697
0.249344
0.249955
0.248965
0.25
0.249417
0.250749
0.252308
0.252616
0.253153
0.252637
0.252735
0.253086
0.253117
0.251946
0.252782
0.253725
0.252806
0.253695
0.254603
0.252662
0.252325
0.25121
0.251682
0.252181
0.251969
0.254067
0.253359
0.252242
0.252044
0.252945
0.251749
0.253261
0.253456
0.25307
0.252783
0.253065
0.252065
0.25197
0.252869
0.253711
0.253369
0.253762
0.253218
0.253513
0.25437
0.255031
0.255246
0.255304
0.25541
0.256052
0.256278
0.255726
0.25635
0.256385
0.255983
0.256105
0.256208
0.256416
0.25537
0.255104
0.254824
0.254523
0.254909
0.25506
0.254445
0.253997
0.253997
0.253801
0.253529
0.253252
0.252822
0.252538
0.253834
