0.366224
0.431796
0.463284
0.469173
0.471577
0.469606
0.471225
0.477011
0.478087
0.478313
0.478261
0.479577
0.480192
0.4814
0.481807
0.484233
0.485242
0.48431
0.483232
0.48362
0.484101
0.483953
0.483644
0.483718
0.484009
0.484486
0.483931
0.483525
0.484528
0.483783
0.48453
0.485156
0.484662
0.485703
0.487428
0.487441
0.488556
0.488963
0.488762
0.490019
0.491764
0.492258
0.492631
0.493261
0.493063
0.49255
0.493438
0.493644
0.494033
0.493194
0.492699
0.493534
0.49339
0.493407
0.493969
0.494591
0.494822
0.495162
0.495352
0.495444
0.496123
0.495956
0.495642
0.495188
0.495361
0.495196
0.495408
0.495186
0.495113
0.49494
0.495403
0.494761
0.494406
0.494145
0.494234
0.494714
0.495055
0.494918
0.495084
0.49488
0.495013
0.495241
0.495164
0.494846
0.494658
0.49526
0.49517
0.495286
0.495117
0.495776
0.495433
0.494959
0.494975
0.494892
0.495075
0.495375
0.495523
0.495103
0.495105
