0.217647
0.218289
0.206897
0.209001
0.204863
0.204465
0.202526
0.208837
0.210262
0.209809
0.210802
0.212014
0.208099
0.209257
0.210174
0.210106
0.213068
0.216831
0.219156
0.220347
0.220094
0.219216
0.219519
0.219374
0.219162
0.219204
0.220458
0.219557
0.218216
0.218921
0.220166
0.221906
0.220711
0.221925
0.223463
0.222606
0.22285
0.2231
0.224383
0.224979
0.224484
0.226568
0.225171
0.224438
0.223783
0.223824
0.223311
0.224222
0.224179
0.223419
0.22337
0.223618
0.222355
0.222527
0.223635
0.223538
0.224065
0.222663
0.222177
0.223014
0.223008
0.223668
0.223826
0.22305
0.223704
0.223581
0.224344
0.223366
0.223143
0.223764
0.223444
0.223487
0.223254
0.223058
0.221971
0.22181
0.221811
0.221428
0.221187
0.220725
0.219664
0.219651
0.219645
0.219501
0.219707
0.219599
0.219427
0.219348
0.220218
