0.357741
0.513514
0.549226
0.56893
0.572306
0.5843
0.588355
0.586295
0.575006
0.57377
0.568654
0.567783
0.563503
0.560814
0.558364
0.55667
0.556402
0.553302
0.55214
0.549597
0.54751
0.544347
0.542279
0.541151
0.539284
0.53884
0.535527
0.53361
0.532689
0.532017
0.530089
0.529562
0.529738
0.529794
0.529255
0.529517
0.529297
0.528471
0.526701
0.525628
0.525207
0.525343
0.525174
0.52562
0.524502
0.523959
0.522316
0.523111
0.523546
0.521742
0.521068
0.520049
0.51953
0.51931
0.519071
0.518337
0.518057
0.51706
0.516823
0.516017
0.514931
0.514603
0.514161
0.513498
0.51322
0.51264
0.511926
0.511559
0.511432
0.511303
0.510812
0.511544
0.511077
0.511788
0.511699
0.511273
0.509831
0.50964
0.509771
0.509529
0.508977
0.508435
0.507784
0.507606
0.507606
0.506939
0.506453
0.505475
0.505257
0.505107
0.504727
0.503729
0.503861
0.503289
0.502837
0.502718
0.502677
0.502709
0.50267
