0.0766284
0.241811
0.276299
0.274805
0.299336
0.313681
0.32763
0.325507
0.314304
0.312305
0.310858
0.31004
0.302638
0.301627
0.299676
0.300282
0.298347
0.296873
0.296378
0.294485
0.293012
0.29275
0.293709
0.293556
0.28943
0.288334
0.286872
0.290017
0.290141
0.28866
0.284001
0.2834
0.283346
0.283443
0.282628
0.281876
0.280931
0.279576
0.278366
0.278049
0.277688
0.276791
0.276529
0.276165
0.275567
0.275296
0.275528
0.27658
0.277091
0.274871
0.274797
0.2733
0.272737
0.271931
0.271804
0.271161
0.270658
0.27108
0.27069
0.270705
0.269557
0.269047
0.269144
0.268398
0.268553
0.268355
0.267811
0.268135
0.268079
0.267528
0.26642
0.266105
0.265792
0.264858
0.264706
0.26447
0.263834
0.263924
0.263723
0.262739
0.261652
0.261177
0.261429
0.261779
0.261708
0.261041
0.260745
0.259759
0.26002
0.259739
0.259978
0.258631
0.258366
0.257922
0.257675
0.256871
0.256784
0.257311
0.257083
