0.257703
0.24435
0.217517
0.220827
0.215137
0.221011
0.224072
0.224042
0.228647
0.226262
0.221397
0.221608
0.221657
0.223684
0.220863
0.222118
0.221201
0.221086
0.222433
0.223022
0.220003
0.220074
0.220648
0.222042
0.221728
0.222055
0.221368
0.220747
0.219563
0.220678
0.220618
0.219595
0.220405
0.22023
0.219343
0.219447
0.219617
0.219976
0.219395
0.217585
0.217346
0.216385
0.217452
0.216911
0.216566
0.21658
0.216381
0.216978
0.216761
0.216288
0.215553
0.21604
0.216626
0.216689
0.217198
0.216874
0.216158
0.216717
0.216699
0.21645
0.216204
0.215991
0.216188
0.215207
0.214799
0.215651
0.215188
0.215434
0.216042
0.215162
0.21501
0.21488
0.215129
0.215214
0.215291
0.215043
0.214683
0.214573
0.214209
0.214377
0.214035
0.213351
0.21357
0.213072
0.213529
0.2136
0.213936
0.214303
0.214198
