0.0383142
0.274566
0.32256
0.339008
0.369285
0.376873
0.388499
0.391049
0.390276
0.390625
0.393717
0.387897
0.388661
0.387607
0.383721
0.385352
0.381669
0.376271
0.375585
0.372142
0.367539
0.366237
0.366108
0.365521
0.361174
0.358161
0.350622
0.346144
0.344037
0.340629
0.339767
0.334796
0.330739
0.328791
0.32709
0.325097
0.322712
0.320479
0.318816
0.315206
0.312238
0.307138
0.305891
0.303739
0.302292
0.299994
0.297148
0.29556
0.294574
0.292026
0.290208
0.28892
0.286673
0.284161
0.281363
0.279387
0.277544
0.275599
0.273283
0.27148
0.268929
0.267103
0.265528
0.266123
0.26419
0.262881
0.262008
0.25994
0.258509
0.258324
0.25678
0.255747
0.254998
0.25494
0.253987
0.25329
0.251899
0.249768
0.249099
0.248035
0.24653
0.244817
0.244277
0.244403
0.24384
0.242389
0.242164
0.241455
0.240233
0.238917
0.238522
0.238418
0.237791
0.236897
0.236486
0.235372
0.235255
0.235062
0.234253
