0.271967
0.515593
0.572433
0.601337
0.609586
0.609898
0.609025
0.608029
0.608013
0.602664
0.600192
0.59819
0.595425
0.591988
0.591146
0.591543
0.590632
0.588173
0.586689
0.583191
0.580902
0.577522
0.574818
0.573273
0.570731
0.569952
0.56433
0.561826
0.56081
0.5589
0.558104
0.555125
0.552773
0.552158
0.550053
0.548972
0.547983
0.546226
0.544663
0.541658
0.540871
0.537515
0.536656
0.535571
0.53383
0.532914
0.529997
0.529445
0.527852
0.52542
0.52382
0.522591
0.520466
0.51885
0.516961
0.515619
0.514163
0.512411
0.511821
0.510716
0.509389
0.508554
0.507403
0.506442
0.505357
0.504384
0.503905
0.502941
0.501837
0.501833
0.500755
0.500353
0.499825
0.499579
0.498885
0.498432
0.496846
0.495317
0.4948
0.494346
0.493167
0.49219
0.491153
0.490666
0.490048
0.488822
0.488568
0.487948
0.487211
0.486044
0.485347
0.485023
0.484603
0.484105
0.483523
0.482974
0.482681
0.482559
0.482298
