0.296919
0.261299
0.274302
0.271049
0.264601
0.263627
0.266752
0.266096
0.270854
0.270733
0.264576
0.261307
0.260296
0.260354
0.255767
0.255219
0.24576
0.241871
0.242237
0.242956
0.242973
0.238867
0.2356
0.234412
0.233758
0.23269
0.232398
0.231346
0.230499
0.229777
0.228176
0.224474
0.223948
0.222792
0.221316
0.220867
0.221001
0.221403
0.220323
0.218415
0.217052
0.216745
0.215769
0.214511
0.21328
0.213033
0.211877
0.210622
0.209731
0.208676
0.207723
0.207561
0.206142
0.206293
0.205305
0.204383
0.204087
0.203393
0.203031
0.203614
0.202503
0.201498
0.201033
0.200762
0.200482
0.200784
0.200216
0.198743
0.199188
0.198511
0.198295
0.197901
0.198035
0.198477
0.198006
0.197261
0.197367
0.197731
0.196438
0.196141
0.196398
0.196681
0.196626
0.196291
0.196849
0.196574
0.196699
0.196751
0.196646
