0.236948
0.525743
0.608144
0.642857
0.656586
0.658431
0.661658
0.665903
0.670866
0.671377
0.673628
0.671431
0.668687
0.665549
0.662089
0.662407
0.65892
0.656826
0.654525
0.650967
0.645202
0.644358
0.641897
0.639455
0.636877
0.633311
0.629128
0.625895
0.62242
0.618414
0.615636
0.61239
0.609845
0.608154
0.606251
0.604691
0.601312
0.599395
0.597184
0.595641
0.593069
0.590915
0.589286
0.586813
0.585008
0.583294
0.582021
0.579325
0.577685
0.575663
0.574149
0.572211
0.570719
0.569424
0.568209
0.565902
0.564805
0.56283
0.559587
0.55878
0.5571
0.556676
0.555412
0.552701
0.550651
0.549214
0.547356
0.546076
0.54472
0.543753
0.541927
0.540446
0.53923
0.53837
0.537122
0.535403
0.533932
0.532766
0.531616
0.530896
0.529379
0.527573
0.527476
0.526922
0.525787
0.524781
0.523952
0.522922
0.522359
0.521531
0.520341
0.519851
0.519512
0.518741
0.517767
0.516872
0.515993
0.515347
0.514827
