0.0219124
0.30404
0.398802
0.435484
0.445517
0.45025
0.458322
0.460197
0.464984
0.469481
0.470074
0.471781
0.467219
0.458765
0.458302
0.456855
0.450735
0.442212
0.436221
0.429323
0.42724
0.421624
0.416186
0.411631
0.410729
0.406584
0.398602
0.390484
0.388163
0.383776
0.381233
0.377577
0.373725
0.371738
0.370541
0.366667
0.36408
0.361704
0.359186
0.355948
0.353965
0.352774
0.351415
0.349285
0.347603
0.346066
0.345236
0.343884
0.341102
0.337098
0.334558
0.333682
0.331689
0.331477
0.331059
0.328598
0.32732
0.325107
0.321654
0.319509
0.317804
0.316337
0.313654
0.311508
0.309382
0.307259
0.305513
0.304213
0.302943
0.301853
0.300264
0.297334
0.295928
0.293552
0.29084
0.289006
0.287397
0.285776
0.284381
0.283198
0.281252
0.278589
0.27693
0.276265
0.275022
0.273748
0.272783
0.271866
0.271283
0.26988
0.268898
0.268045
0.267513
0.266911
0.265861
0.264112
0.26302
0.262019
0.261323
