0.311615
0.3
0.286275
0.292342
0.293868
0.299497
0.291399
0.284808
0.279426
0.277225
0.275362
0.270445
0.268231
0.265045
0.26477
0.26155
0.254427
0.250414
0.247679
0.247532
0.24879
0.246863
0.244291
0.244478
0.243097
0.241824
0.241084
0.240304
0.240908
0.240594
0.2384
0.237974
0.236548
0.234026
0.233405
0.234767
0.234919
0.234994
0.23378
0.231878
0.23059
0.229874
0.228571
0.228844
0.228949
0.227702
0.226343
0.225422
0.223843
0.223348
0.223139
0.222956
0.221903
0.220488
0.218609
0.217769
0.217355
0.217593
0.217512
0.217411
0.216836
0.215651
0.214478
0.21377
0.212344
0.21144
0.210496
0.210038
0.209692
0.209046
0.20786
0.207032
0.206976
0.207083
0.207281
0.206644
0.20667
0.206589
0.206547
0.206378
0.206043
0.205744
0.205332
0.205235
0.204766
0.203827
0.202994
0.202806
0.202699
