0.290795
0.508316
0.576653
0.608025
0.614502
0.621502
0.622125
0.61979
0.613248
0.609016
0.603846
0.602715
0.600888
0.597642
0.596354
0.593577
0.593819
0.591885
0.586308
0.581847
0.577973
0.573347
0.568288
0.565715
0.563098
0.561583
0.557749
0.555463
0.55266
0.549852
0.548625
0.545724
0.543382
0.541367
0.539616
0.538204
0.537046
0.536111
0.53361
0.530141
0.528366
0.525923
0.524038
0.523024
0.521958
0.520638
0.518359
0.517291
0.515268
0.512737
0.511303
0.509879
0.509284
0.508312
0.506809
0.505783
0.504916
0.503163
0.501109
0.498954
0.49826
0.497766
0.49611
0.494785
0.493433
0.491403
0.490048
0.489104
0.48771
0.486562
0.484418
0.483627
0.482792
0.482739
0.482102
0.48059
0.479398
0.478589
0.477382
0.476426
0.475389
0.474696
0.473769
0.473083
0.472222
0.471235
0.470781
0.469967
0.469774
0.469329
0.468574
0.467528
0.467007
0.465773
0.465327
0.464185
0.464016
0.463609
0.462972
