0.0383142
0.276493
0.352345
0.373541
0.383744
0.394788
0.401964
0.405967
0.394183
0.39375
0.391879
0.392578
0.388006
0.386987
0.38534
0.383803
0.381804
0.377172
0.367332
0.362479
0.357572
0.35499
0.350195
0.348648
0.343802
0.341535
0.33708
0.334346
0.332147
0.327953
0.326873
0.323464
0.320856
0.318722
0.316841
0.313644
0.312443
0.310494
0.308164
0.305042
0.302486
0.300436
0.296909
0.294649
0.292493
0.289334
0.287051
0.285594
0.283413
0.280535
0.279034
0.277726
0.276118
0.273844
0.273141
0.272086
0.270132
0.268773
0.265225
0.262774
0.261263
0.259943
0.258646
0.25702
0.255761
0.254273
0.252583
0.251095
0.24954
0.24766
0.24558
0.243772
0.242683
0.242242
0.241488
0.2409
0.240579
0.239401
0.237619
0.236545
0.234758
0.233854
0.233878
0.233142
0.232149
0.230727
0.229367
0.228774
0.227968
0.227193
0.226557
0.225545
0.224599
0.223031
0.222588
0.220941
0.220466
0.220096
0.219461
