0.271709
0.261299
0.253128
0.253323
0.24553
0.245788
0.252668
0.252326
0.248588
0.248498
0.240924
0.236683
0.232763
0.232312
0.228686
0.230769
0.225795
0.225109
0.225127
0.224071
0.223712
0.221027
0.219997
0.219543
0.21872
0.218472
0.218917
0.218713
0.217912
0.218078
0.21713
0.214996
0.21241
0.211837
0.211448
0.209757
0.209361
0.208958
0.207254
0.205283
0.204388
0.204887
0.204756
0.204087
0.203957
0.203771
0.203899
0.203826
0.202023
0.201607
0.201198
0.201347
0.200729
0.199866
0.199003
0.197868
0.196622
0.196367
0.195556
0.194654
0.193847
0.193133
0.193001
0.192905
0.19242
0.19326
0.193472
0.194227
0.194472
0.19451
0.194561
0.194429
0.195103
0.195423
0.195595
0.195237
0.194938
0.194634
0.193916
0.193876
0.194422
0.194874
0.19433
0.193986
0.194644
0.194287
0.19437
0.194106
0.194235
