0.257322
0.522869
0.562588
0.600309
0.611225
0.619113
0.624163
0.619279
0.622581
0.623361
0.616154
0.613394
0.610277
0.608302
0.606771
0.60433
0.603936
0.599841
0.594437
0.591742
0.58969
0.587339
0.583415
0.583036
0.58101
0.58216
0.579685
0.5787
0.576751
0.574213
0.572747
0.570133
0.567461
0.56639
0.563995
0.563229
0.563627
0.562213
0.560484
0.557621
0.557523
0.556257
0.555584
0.554052
0.551941
0.551892
0.549898
0.550331
0.549832
0.54782
0.545994
0.544573
0.542934
0.542125
0.541635
0.541024
0.539764
0.537809
0.536926
0.534334
0.533571
0.532479
0.530968
0.529933
0.528299
0.52809
0.527925
0.52668
0.526294
0.525487
0.524446
0.524148
0.523688
0.523385
0.52251
0.521799
0.520934
0.519735
0.519416
0.519485
0.518849
0.517529
0.516562
0.515567
0.514542
0.514126
0.513987
0.513316
0.512757
0.512307
0.511575
0.510534
0.510721
0.510505
0.51029
0.509768
0.509776
0.509504
0.509431
