0.0268199
0.306358
0.358682
0.381809
0.405236
0.409446
0.421318
0.416239
0.423703
0.425586
0.421275
0.421016
0.415533
0.409295
0.405505
0.402676
0.399812
0.392742
0.384454
0.381923
0.379205
0.378358
0.37886
0.378431
0.375896
0.374121
0.371718
0.371257
0.36886
0.366064
0.363502
0.360495
0.356576
0.353925
0.350317
0.347716
0.346346
0.344374
0.342884
0.339955
0.338973
0.33679
0.334201
0.331253
0.328364
0.326848
0.324529
0.324058
0.321788
0.318677
0.315363
0.314954
0.313522
0.311692
0.311079
0.310392
0.308722
0.307377
0.305053
0.301244
0.300399
0.298126
0.295453
0.294246
0.292062
0.291881
0.290859
0.28903
0.287699
0.286645
0.28562
0.284356
0.28377
0.282741
0.28173
0.281038
0.280687
0.279402
0.278453
0.278106
0.277463
0.276068
0.275576
0.274778
0.273565
0.272965
0.271925
0.271961
0.271905
0.271212
0.271047
0.269578
0.269228
0.268973
0.268344
0.266813
0.266576
0.265916
0.266089
