0.271709
0.275424
0.260828
0.260709
0.259237
0.254708
0.257362
0.250837
0.249917
0.2503
0.24615
0.243467
0.244563
0.244392
0.243531
0.243935
0.241343
0.242709
0.241286
0.243555
0.241832
0.240365
0.238461
0.239035
0.237368
0.237545
0.237077
0.236377
0.236071
0.235076
0.235345
0.234985
0.233215
0.231802
0.229984
0.229221
0.22906
0.228775
0.226742
0.224377
0.221911
0.222853
0.223345
0.222946
0.223407
0.223018
0.222365
0.222453
0.221201
0.218463
0.218518
0.217086
0.215543
0.214901
0.213636
0.213374
0.213246
0.213022
0.212501
0.212574
0.212099
0.211711
0.212172
0.21149
0.21049
0.210771
0.210917
0.210165
0.210496
0.210429
0.210683
0.210196
0.209844
0.209513
0.208779
0.208454
0.207788
0.207953
0.20798
0.207959
0.207696
0.20697
0.207047
0.20713
0.206558
0.206248
0.206221
0.205956
0.206016
